0
0
18049
18440
23854
32630
46362
51177
54337
54439
56742
69019
79057
84426
86093
89481
92782
101453
101570
101647
102052
103242
111669
113354
113444
114170
123805
153533
163582
163896
164372
164466
164614
166558
166991
167031
167119
168446
169450
169543
170440
175329
176678
176733
176741
176909
176910
180198
180224
190269
190269
190269
412948
413885
413885
413892
414113
414122
439170
501002
501002
504108
527145
527583
531397
534531
538009
538009
538009
621928
621934
623869
623873
623873
626812
627391
627391
627512
628443
628542
628542
630363
638261
638265
638270
638511
643431
644196
645360
645441
645961
645961
646200
646350
646471
646471
646471
646908
646908
647658
647724
647724
647724
647781
648718
648718
648854
649352
652051
653248
669811
669811
669811
669811
669811
669811
669811
670015
670015
671159
671159
671971
671971
671977
672092
672092
672140
672305
672305
672305
674053
674785
675156
675443
675443
675450
676398
676439
676444
680966
680966
681366
681692
681692
681815
681815
681815
681815
681815
683669
683952
683952
683952
684072
684160
697804
697894
698020
698478
700668
700912
700922
722448
723319
723319
723746
723747
723809
724438
725095
725185
727497
727608
728775
730178
739864
741449
741460
742337
742374
742374
742374
742375
742375
742375
742375
742392
742392
742398
742398
742398
742400
742400
742400
743288
743288
743511
743519
744531
744531
744539
798013
798013
798013
798013
798021
798021
798021
804970
808642
808746
808746
808746
808746
808850
810147
811202
815415
815425
815425
816315
816318
816320
816472
816472
816481
816491
816640
816653
818619
818640
818640
818737
821265
826639
826639
826946
827698
828626
829454
830208
830623
831010
831553
831633
831643
832757
833138
833144
845201
845201
845592
846805
846902
854083
854083
854084
854093
859083
859097
859180
859180
859180
859700
866650
866837
866837
866837
871047
871047
871047
874091
874091
874100
874100
875081
875097
876327
876327
876327
876327
876327
876432
876921
881781
910075
910085
910743
910761
910967
911221
911223
911302
911864
912369
913476
915786
915918
915920
923974
932328
938095
938273
938997
939243
939998
939998
941260
941266
941348
941353
941353
942194
942196
942196
942274
942330
942341
942387
942400
942400
981712
983267
984822
987950
987950
988261
988290
989009
989634
989635
995665
995684
996440
1002934
1002967
1003009
1003104
1003201
1003405
1003538
1003826
1005111
1041016
1042674
1043343
1043802
1069761
1069807
1069972
1069972
1069974
1070110
1071163
1071737
1074070
1074781
1074936
1075397
1075410
1081192
1082161
1082332
1082338
1082434
1083900
1084916
1084925
1085098
1085574
1085665
1085989
1087441
1087610
1091118
1103655
1103660
1103664
1103807
1103814
1103839
1103861
1167840
1168479
1168589
1168698
1172214
1175219
1176486
1176499
1176516
1177052
1177576
1192381
1195615
1195620
1195632
1201174
1201450
1201803
1208846
1212055
1212055
1213460
1213494
1213622
1213753
1216007
1216150
1233989
1239104
1239107
1241213
1241600
1241850
1242986
1243150
1243620
1243937
1243985
1245556
1245566
1246792
1249729
1250606
1250606
1250981
1251136
1252872
1254225
1254315
1254862
1255236
1255250
1255766
1256937
1257303
1282491
1282592
1282592
1282592
1282694
1282796
1282887
1283201
1288103
1288277
1288281
1288394
1288405
1291569
1291569
1292346
1292600
1292674
1293574
1293578
1293681
1353236
1353384
1353891
1356410
1357259
1357259
1357267
1368422
1368426
1368519
1368531
1368924
1369452
1377979
1378012
1378555
1379255
1379649
1379988
1380328
1380329
1387416
1387481
1387556
1391487
1391762
1394042
1394229
1395564
1396288
1397567
1397866
1398125
1398656
1399170
1399257
1399629
1399944
1402004
1402026
1402116
1402577
1403237
1403541
1403541
1404426
1405755
1406074
1406598
1406852
1406856
1407287
1407853
1409395
1409395
1418555
1419165
1420505
1428220
1428258
1434247
1435533
1435695
1435784
1439423
1439449
1439781
1443095
1443387
1443387
1443395
1443840
1443975
1443975
1443985
1443986
1444094
1444094
1444125
1446675
1451259
1453070
1454873
1454911
1455324
1455757
1455948
1456419
1457147
1457147
1457154
1457154
1457154
1457165
1457172
1457274
1457347
1457347
1458844
1461417
1461773
1462130
1463363
1465989
1466121
1470578
1470578
1470578
1470937
1477537
1478935
1478938
1479297
1479323
1479389
1479389
1479415
1479445
1479445
1479475
1479588
1481348
1481607
1481607
1481607
1481698
1481959
1481990
1482424
1482749
1482883
1483036
1491147
1491243
1491243
1491243
1491276
1492119
1495989
1496046
1497570
1497637
1503881
1503886
1503899
1503967
1504295
1505039
1505620
1505627
1506375
1506379
1507087
1509768
1509894
1523126
1523135
1523176
1526100
1526887
1526909
1526909
1527046
1527048
1529599
1537455
1538813
1539408
1539408
1539412
1539682
1540209
1541765
1541765
1542354
1543258
1543623
1563440
1569263
1569833
1570104
1570430
1570430
1570468
1570823
1573628
1574029
1574184
1577334
1577405
1577524
1577524
1577545
1577582
1578933
1578933
1579351
1580664
1580668
1580677
1580755
1580755
1582254
1582254
1582363
1586687
1587782
1587790
1587812
1587883
1587888
1588263
1588264
1588285
1589446
1589560
1589700
1589705
1589705
1589920
1589934
1590146
1611272
1612804
1612852
1614208
1615210
1615382
1618716
1621273
1655185
1655191
1656096
1656786
1661467
1661745
1666712
1666714
1666732
1669843
1669860
1669860
1673839
1675121
1675573
1675596
1675596
1675596
1677060
1677177
1677189
1681446
1684324
1684495
1684693
1685376
1686269
1686532
1686855
1686996
1687211
1687212
1694575
1694599
1694602
1695263
1696493
1697126
1697213
1697213
1697362
1697362
1703756
1703833
1703833
1704572
1704811
1704892
1704896
1705872
1707302
1707317
1707320
1727393
1728086
1728371
1728403
1729889
1730405
1730442
1730694
1730694
1731774
1736662
1736758
1736921
1737481
1737538
1737538
1737538
1737538
1738078
1748317
1748317
1748811
1748822
1750713
1752002
1764604
1767022
1767049
1767233
1791189
1791276
1791365
1791365
1795723
1799825
1806987
1807215
1807315
1808945
1809329
1810644
1810740
1810740
1810740
1810890
1811754
1811754
1811871
1811875
1813270
1814193
1814640
1814701
1814765
1814916
1814919
1816874
1816874
1816874
1817907
1867113
1867117
1867117
1892352
1925346
1925702
1925945
1925988
1926189
1926189
1926190
1927129
1927141
1927141
1935644
1937050
1937466
1937860
1938209
1938302
1938394
1938518
1938519
1938520
1938630
1939044
1940747
1940747
1941048
1941048
1941409
1941409
1941742
1941742
1941742
1943478
1943478
1953846
1953846
1953937
1953997
1954097
1954192
1954303
1954308
1954351
1954351
1956513
1957317
1957393
1958167
1958167
1958229
1958239
1958532
1958532
1959643
1961573
1961751
1962551
1963713
1963713
1972580
1975553
1975661
1976936
1977029
1977119
1977211
1977211
1977279
1977281
1977365
1977447
1979427
1979519
1981431
1981431
1983021
1983021
1984224
1984231
1991702
1991783
1992203
1992285
1992380
1992380
1992467
1994292
1996125
1996125
1996248
1996581
1996684
1998302
1998739
1998740
1999132
2000346
2000474
2000498
2000498
2000977
2001628
2003025
2003031
2003756
2024026
2024099
2024118
2024723
2025432
2025510
2025670
2028612
2028735
2028735
2028844
2028845
2029428
2029538
2029549
2029632
2030232
2030281
2030381
2030381
2030467
2030546
2030546
2032130
2032218
2032218
2034707
2036264
2036264
2038025
2039576
2039666
2039751
2039751
2039751
2042255
2048266
2067893
2067999
2068064
2068168
2072187
2072204
2079873
2079972
2080086
2080089
2080262
2081554
2081647
2082194
2082315
2082447
2082529
2084800
2085828
2085915
2085917
2087176
2088217
2088996
2090556
2090602
2090608
2090608
2091352
2091467
2091467
2091486
2091498
2091565
2091668
2091752
2091862
2107513
2107711
2107856
2108615
2109022
2109023
2109484
2109724
2110490
2110584
2111811
2111922
2112016
2112140
2112967
2112967
2113061
2113197
2114354
2114457
2114919
2119190
2119292
2119888
2122424
2123847
2123847
2123909
2123909
2124353
2124445
2125749
2126416
2126504
2126610
2126720
2127219
2141362
2142510
2142538
2142572
2142591
2143685
2143767
2143859
2143872
2143897
2146326
2146474
2146576
2149932
2175697
2175796
2175822
2176256
2176356
2176435
2178712
2178825
2178825
2178841
2183112
2183112
2183192
2185366
2185429
2186140
2186231
2186312
2186413
2201872
2216511
2217445
2218661
2220691
2221600
2223125
2223125
2231722
2231899
2231899
2232002
2232392
2232491
2232702
2232703
2232730
2232730
2232824
2232920
2233828
2235702
2235764
2235764
2235764
2237683
2237770
2253657
2253730
2253826
2253834
2254107
2254107
2254107
2254200
2254282
2254282
2255027
2255117
2255117
2257038
2257038
2258144
2258242
2258298
2258298
2258530
2258780
2258780
2258874
2259056
2259056
2259112
2259314
2259395
2259472
2259574
2259675
2259678
2259895
2267249
2267589
2267680
2267767
2267858
2268024
2268034
2268109
2268111
2268204
2268204
2268288
2268289
2268289
2268383
2269167
2269167
2269264
2269270
2273021
2273021
2273021
2273021
2278254
2278254
2279412
2279452
2279551
2279640
2282747
2282747
2282857
2282857
2282857
2282857
2284155
2284266
2284360
2284444
2284778
2284900
2286182
2286185
2286185
2286895
2286895
2286899
2286902
2286902
2286902
2288338
2288421
2288691
2288789
2288876
2289083
2290721
2291081
2291165
2291517
2291517
2291667
2291702
2291795
2291795
2291862
2296326
2296678
2296678
2297766
2297857
2299307
2304422
2304422
2304525
2306069
2306165
2306165
2306591
2307649
2307753
2307839
2307878
2311048
2311129
2315571
2316671
2323492
2323596
2323596
2323683
2323694
2323802
2323820
2323874
2323874
2323874
2323999
2324225
2324225
2325246
2325645
2326161
2326264
2326371
2326487
2326487
2326494
2326710
2326817
2329743
2329845
2329845
2329941
2330039
2330583
2330583
2330676
2331280
2331284
2331372
2333833
2333931
2333931
2333931
2334023
2334023
2334293
2334373
2334469
2334469
2334469
2334582
2334666
2334751
2334843
2334948
2334983
2334990
2336139
2336242
2336242
2338503
2339643
2340376
2340376
2345519
2345519
2346506
2346590
2346657
2387711
2387925
2387952
2387952
2389253
2389266
2389365
2389765
2389878
2389878
2391375
2391470
2391534
2393263
2393369
2393458
2393458
2396805
2397824
2397824
2398606
2398606
2398606
2398723
2399160
2400417
2400644
2429726
2429895
2429983
2429983
2430023
2430023
2430023
2430073
2430163
2432752
2432755
2432841
2432938
2432938
2440847
2440847
2440934
2443764
2443764
2443941
2444024
2444852
2444952
2444952
2444964
2445336
2448848
2448848
2450742
2450830
2452051
2452051
2452051
2452051
2452130
2452234
2452338
2452438
2453009
2453089
2453089
2453175
2453175
2453182
2453183
2454885
2454885
2454885
2455046
2456249
2457361
2457361
2461734
2462559
2462559
2462663
2462779
2475945
2476110
2482314
2482461
2482539
2482567
2482668
2482668
2482748
2482833
2482833
2482833
2483565
2483565
2483657
2483657
2483657
2484065
2484386
2484483
2486985
2488754
2489075
2503414
2503433
2503433
2503433
2503436
2503436
2503436
2503666
2503757
2503759
2503958
2504039
2504039
2504136
2504216
2504327
2504655
2513586
2513663
2534937
2535193
2535271
2535365
2535421
2535631
2535722
2535809
2535910
2535910
2537309
2537404
2537495
2537517
2537606
2539657
2539657
2539750
2540054
2540054
2540145
2540250
2540359
2540568
2540570
2541275
2541289
2541373
2541391
2541481
2541714
2542965
2543044
2543070
2543070
2543071
2543170
2543170
2543208
2543846
2543953
2546472
2546476
2547214
2547227
2547782
2547866
2547964
2548196
2549531
2549634
2549634
2549718
2549718
2549806
2549806
2550334
2562245
2563063
2563063
2563169
2563259
2564326
2565169
2565169
2565274
2565274
2565274
2565362
2565906
2568183
2568291
2570309
2570458
2573936
2573936
2573950
2574039
2574039
2574737
2574737
2574829
2574875
2576285
2576508
2576650
2576984
2577471
2577901
2577929
2577929
2577929
2577931
2578006
2578029
2578239
2578240
2578247
2578646
2578646
2578929
2579003
2579003
2579219
2580085
2580085
2580181
2580276
2580276
2580377
2580571
2580695
2580711
2581029
2581029
2581029
2581134
2595081
2595161
2595739
2595829
2595829
2595834
2596582
2597042
2597447
2597581
2598301
2599759
2599832
2601570
2602687
2602782
2602796
2602796
2602798
2617707
2617707
2617802
2617804
2617907
2617909
2617998
2618080
2618087
2618087
2621659
2621762
2621851
2623234
2623337
2624630
2624631
2633804
2634225
2634225
2634225
2634447
2634447
2634807
2634904
2634904
2635123
2635123
2635221
2635221
2635221
2635390
2635390
2635390
2635390
2635470
2635475
2703163
2703472
2703873
2703888
2704604
2704718
2704810
2704810
2705272
2705272
2705272
2705986
2706107
2706107
2706197
2718083
2718492
2718495
2718581
2718672
2718672
2718672
2722711
2722797
2722797
2722797
2722797
2723765
2723810
2727629
2728026
2728026
2728337
2728434
2728514
2728768
2728886
2729004
2729573
2730305
2745915
2745988
2746067
2746155
2746248
2746357
2746486
2746566
2746568
2746655
2747856
2747856
2747856
2747856
2747965
2750053
2750221
2751551
2751649
2751792
2751792
2751792
2751792
2753240
2753347
2753442
2753536
2753554
2753556
2753561
2753655
2753747
2754135
2754384
2754384
2754384
2754384
2754483
2754483
2755650
2756617
2756722
2760637
2760637
2760637
2760733
2760849
2760857
2761188
2761280
2761371
2761465
2761466
2761480
2761685
2761695
2761695
2761695
2761786
2761786
2761786
2763317
2765510
2770514
2770514
2770626
2770898
2771181
2771274
2771357
2774687
2774783
2774783
2775276
2775276
2775276
2775362
2788850
2788850
2788851
2788952
2789006
2789099
2789099
2789137
2789228
2814933
2814933
2814934
2814934
2814934
2818731
2819284
2819384
2819479
2819516
2819516
2819525
2825564
2825656
2825761
2825761
2826010
2826046
2830494
2830494
2831865
2831970
2832002
2832123
2832123
2832123
2837393
2837419
2837631
2838057
2838057
2838306
2838306
2838399
2838399
2838441
2838441
2838441
2838450
2838497
2838509
2840728
2840820
2840820
2840820
2840911
2842784
2859722
2860076
2860083
2860728
2860728
2861333
2861333
2861333
2861333
2861339
2861623
2861631
2861631
2861736
2861736
2862101
2862115
2862648
2864240
2864347
2864739
2865102
2865202
2865300
2865388
2869414
2874934
2875406
2876308
2876500
2877783
2878844
2882833
2882939
2882939
2883344
2883508
2883956
2883956
2883959
2884054
2884054
2884150
2884247
2884247
2884247
2885247
2885247
2885247
2885357
2886909
2887945
2890965
2891054
2891154
2891154
2891154
2891252
2891252
2891342
2891342
2891426
2891523
2891613
2893402
2894225
2894496
2894589
2894589
2894755
2895364
2895466
2895572
2895670
2895778
2896865
2896963
2898491
2898588
2898588
2898622
2898705
2898705
2898705
2898909
2899004
2900608
2900706
2900710
2900710
2900756
2901045
2901240
2901347
2901464
2901564
2901564
2901656
2901761
2901841
2901917
2902950
2902950
2904334
2904445
2904550
2904945
2904945
2905484
2907271
2907350
2907589
2907685
2907685
2907793
2907886
2907970
2908341
2908341
2908423
2908423
2908610
2909102
2909520
2909528
2909528
2909534
2909637
2909637
2911276
2911276
2911709
2911709
2911709
2911709
2911712
2911723
2911828
2911919
2911919
2911951
2912430
2913945
2914034
2914034
2914134
2920664
2920713
2920713
2920746
2920747
2921050
2921050
2921408
2921486
2921944
2921944
2922034
2926068
2927057
2927611
2927611
2927620
2934539
2934856
2934937
2937281
2937497
2937911
2937993
2938119
2938122
2938122
2938215
2938281
2938284
2938647
2938737
2938737
2942942
2943330
2943442
2943513
2943541
2943644
2943644
2943649
2943745
2943750
2943796
2943796
2943796
2943877
2944620
2944620
2944620
2944731
2944731
2944742
2945688
2945693
2945737
2945825
2945909
2945909
2945912
2947501
2947601
2947690
2947858
2947858
2948862
2948864
2948966
2949016
2949016
2949601
2949686
2949687
2949778
2949883
2950468
2960826
2960826
2960915
2960997
2961000
2961001
2961097
2961273
2963610
2963802
2963920
2964080
2964083
2964088
2964957
2967762
2967762
2967871
2967959
2967959
2968053
2968157
2968627
2968735
2968833
2968923
2969182
2969182
2969291
2974342
2974441
2975550
2975641
2975707
2975707
2975716
2975720
2975732
2975823
2976309
2976409
2976516
2976518
2982731
2982913
2983019
2983099
2983254
2983326
2983405
2983508
2983508
2983593
2983597
2983597
2983597
2984126
2984220
2984220
2984406
2984442
2985067
2986939
2986939
2986964
2987055
2993192
2993272
2993272
2993370
2993457
2993457
2993625
2993625
2993718
2993725
2993821
2993821
2994777
2994851
2994851
2994851
2994950
2995448
2996098
2996413
2996413
2996507
2996507
3002668
3002761
3002857
3002970
3003440
3003841
3003942
3003942
3004558
3004558
3004766
3004882
3004990
3004990
3005089
3005177
3005177
3006103
3007188
3007188
3007188
3007197
3007537
3007671
3007970
3007970
3007970
3007970
3008081
3008171
3008286
3009482
3009565
3009565
3009565
3009754
3009754
3009754
3010729
3010809
3010908
3011010
3011098
3011292
3011292
3011370
3011370
3011370
3011370
3012069
3013441
3013535
3013621
3013713
3013713
3013713
3013713
3013833
3014322
3015357
3015461
3039041
3039140
3039149
3039245
3039331
3039403
3039403
3039403
3039413
3039491
3039491
3041211
3045785
3045892
3048479
3048836
3049640
3049739
3049821
3051836
3051836
3052106
3052106
3053680
3053772
3056273
3061161
3061162
3094605
3094610
3094693
3108203
3108203
3108203
3108313
3108313
3109771
3109921
3109921
3110013
3110013
3114596
3114683
3114685
3114685
3116720
3116881
3117012
3117527
3117622
3117622
3117625
3117708
3117717
3117807
3119054
3119148
3121149
3121410
3121410
3123865
3123865
3124269
3124372
3124372
3124478
3124479
3124572
3155592
3156506
3156506
3156605
3156695
3156778
3156778
3156906
3157006
3157098
3157220
3157329
3157329
3157449
3158884
3158990
3159052
3159141
3159141
3159141
3159231
3160189
3160286
3160369
3186393
3186655
3186749
3187034
3187134
3199771
3199931
3200043
3201887
3201887
3202729
3202789
3202789
3202832
3202854
3202854
3204015
3204121
3204178
3204332
3204414
3204491
3204491
3205871
3205875
3205983
3205983
3205993
3210474
3210553
3210644
3210644
3210725
3210725
3210805
3210825
3210934
3210934
3211427
3211427
3212422
3212422
3212431
3214283
3215754
3215756
3215756
3215756
3215847
3215950
3216047
3216047
3216264
3216341
3216341
3216424
3216557
3216652
3216662
3216741
3217055
3217055
3223159
3223159
3223244
3224649
3224947
3225038
3225121
3225322
3225345
3225593
3225942
3225963
3226061
3226136
3226216
3226216
3226299
3226388
3244100
3244100
3245056
3245154
3246092
3246092
3246106
3256029
3256912
3256997
3257091
3257185
3257185
3257731
3257755
3257755
3257771
3257774
3257796
3257796
3257905
3258006
3258190
3259818
3265757
3265854
3265949
3265987
3266362
3266367
3266367
3266367
3266509
3266509
3266596
3266626
3266709
3266709
3266955
3267318
3267404
3267565
3267647
3268148
3268238
3284817
3284817
3288532
3288616
3288701
3288701
3288701
3290846
3290846
3290934
3297972
3298352
3298359
3311002
3311295
3311295
3312769
3312855
3312936
3313032
3313037
3313132
3313231
3313317
3314034
3314107
3314107
3314210
3317977
3317977
3318233
3318274
3318360
3318855
3318942
3322335
3322402
3322406
3322494
3322595
3326965
3326965
3329800
3329848
3329848
3329856
3329959
3330011
3330095
3330095
3330237
3330237
3330237
3330464
3330761
3330761
3330761
3334768
3335326
3335326
3336011
3338056
3338056
3338161
3338250
3338357
3338452
3338452
3339020
3339086
3339086
3339169
3339169
3339537
3339624
3340728
3343658
3343730
3344402
3346306
3346401
3346401
3346485
3346576
3347173
3347204
3347287
3347287
3348302
3348389
3348492
3348859
3348950
3348950
3350283
3350283
3350383
3351768
3351852
3351955
3352051
3352051
3352812
3352907
3372844
3373800
3373920
3374010
3374879
3374919
3374997
3375103
3375191
3375290
3375381
3375468
3375529
3375744
3375757
3375818
3375818
3375892
3375989
3375989
3375989
3381975
3381978
3382068
3382167
3382262
3383548
3383551
3384554
3384554
3384554
3387556
3387642
3388189
3388481
3388481
3400921
3400921
3400965
3401121
3401208
3401296
3401402
3401402
3402230
3416878
3417148
3417148
3417148
3417238
3417238
3417985
3418605
3420018
3420018
3420106
3420137
3420229
3420329
3420559
3420559
3420912
3420971
3421074
3421074
3421074
3421074
3422358
3426239
3426239
3426347
3426605
3426605
3427315
3427409
3427409
3428180
3428181
3428565
3428672
3428763
3428855
3430263
3430265
3430265
3430513
3436805
3436923
3436923
3439312
3439669
3439669
3439758
3439835
3439934
3446033
3446046
3446047
3446136
3446236
3446669
3446670
3446757
3448104
3448277
3449170
3449250
3449893
3449980
3450055
3450161
3450588
3451236
3451236
3451338
3451338
3451338
3451345
3451601
3452969
3452969
3453077
3453131
3458108
3458200
3461398
3461500
3461607
3461607
3461773
3462132
3462132
3462198
3462367
3462367
3462367
3462367
3463103
3463110
3463290
3466843
3466890
3467763
3469658
3470029
3470086
3470086
3470086
3470087
3470087
3470173
3470261
3470261
3470376
3470376
3470376
3476212
3476214
3476301
3476301
3476332
3476425
3476425
3476425
3476695
3476703
3476856
3476983
3476983
3476983
3477247
3477252
3477309
3477309
3477310
3477319
3477381
3477540
3477590
3489074
3489074
3489074
3489078
3490153
3490156
3494514
3494514
3494514
3494538
3494930
3494930
3494930
3494930
3494930
3500009
3500009
3500718
3500763
3500780
3501138
3501141
3501141
3501702
3502491
3502491
3502554
3502556
3503229
3503238
3503238
3503238
3503238
3504814
3504814
3504814
3505178
3507966
3508548
3534981
3535435
3535435
3535445
3535446
3535446
3535479
3535479
3536255
3541177
3541177
3545157
3545157
3545157
3545157
3545157
3545161
3545283
3545287
3545287
3545421
3545424
3545424
3545424
3545427
3545427
3545435
3545440
3545442
3546509
3546510
3547014
3548593
3548596
3548596
3548724
3548866
3548869
3548869
3548885
3548885
3548989
3548993
3548996
3548996
3548996
3549000
3549006
3549008
3549008
3549008
3549008
3549008
3549012
3549012
3549012
3549016
3549073
3549075
3549080
3549084
3549088
3549090
3549222
3549222
3549636
3549640
3549646
3549915
3549915
3551620
3551620
3551620
3551620
3551623
3551623
3551623
3551623
3551623
3551837
3552298
3555437
3555824
3555914
3555920
3557219
3557219
3557264
3557678
3557698
3558281
3558377
3559083
3562271
3562357
3564971
3565138
3565755
3569321
3570334
3570383
3570427
3570764
3570768
3571693
3571747
3572018
3577925
3578011
3578929
3578941
3578941
3579084
3579328
3579332
3584673
3586122
3586151
3586152
3586368
3586400
3586402
3586423
3586448
3589040
3589111
3593154
3593176
3593184
3593201
3593392
3593581
3593807
3593807
3593911
3593911
3594446
3594972
3595804
3601458
3601458
3601588
3603405
3603646
3604520
3604961
3605351
3605358
3605535
3605615
3606802
3607604
3608173
3612177
3612464
3612464
3613499
3613688
3615647
3615682
3617425
3620101
3620204
3620777
3621128
3621636
3621636
3633436
3634326
3634338
3634722
3634727
3634825
3634934
3635151
3635453
3635454
3635617
3635617
3635669
3635733
3635735
3635770
3635798
3635931
3636733
3637736
3637966
3639743
3639743
3641040
3641139
3641236
3641867
3642218
3642239
3642249
3645992
3645992
3646368
3646788
3647219
3647682
3648008
3648479
3649791
3651389
3652408
3652977
3652979
3653084
3653356
3653403
3653724
3656521
3658149
3658573
3659091
3659711
3659921
3665049
3665405
3666551
3666918
3666918
3668108
3677772
3678742
3679223
3683113
3683126
3683408
3683517
3683842
3683842
3683940
3683940
3684691
3685294
3685408
3685937
3685937
3686098
3687421
3687682
3690103
3690219
3695103
3695183
3695264
3695374
3695388
3695586
3697211
3697211
3697476
3697852
3697963
3697967
3698033
3700969
3700970
3703104
3703522
3703522
3703522
3703526
3703569
3703583
3703585
3704098
3704103
3704214
3706790
3707121
3707212
3707212
3707866
3707866
3708349
3708477
3708821
3708825
3709206
3709206
3709206
3709206
3709206
3709209
3709216
3709216
3764718
3764718
3764719
3764725
3764725
3764725
3764725
3764725
3764725
3764731
3764733
3764741
3764746
3764746
3764832
3765030
3765036
3765036
3765143
3765353
3765501
3765502
3765508
3765509
3765536
3765536
3765537
3765537
3765542
3765546
3765546
3766660
3766715
3766717
3766717
3766717
3766982
3780834
3780859
3781340
3781521
3801061
3801061
3801063
3801456
3801526
3801903
3801903
3807158
3807604
3807604
3808729
3808942
3809489
3809630
3809714
3809853
3810303
3811564
3811800
3811807
3811831
3811831
3812049
3812049
3812068
3812072
3822306
3822306
3822495
3822635
3823703
3823843
3824131
3828976
3828991
3829456
3832483
3832483
3832534
3832534
3832827
3832845
3833018
3845292
3846124
3846135
3846136
3846139
3846180
3846189
3846189
3866086
3866158
3867951
3867955
3867957
3867982
3870381
3870382
3870399
3870456
3895464
3895484
3897271
3897272
3897421
3899236
3899884
3899884
