340
702
1842
3337
3903
5025
9241
10164
11398
11909
1341
5855
1576
2861
4250
4475
7122
8256
9974
12387
43
986
2087
2906
4083
8686
9480
10372
11058
12051
2744
3430
7612
10921
3133
7358
313
942
3450
3671
3769
4086
4398
4440
4997
7630
7821
7902
8149
9456
12311
12351
54
170
492
791
1458
2154
3176
3658
3971
4152
4872
6544
7378
7808
8192
8696
9069
9319
9862
11966
262
282
448
636
680
820
1028
1271
1785
1986
2320
2332
2392
2489
2877
2958
3123
3230
3325
3437
4534
4592
4956
5110
5422
5613
5800
6230
6399
6682
6809
7204
7351
7505
7619
8495
8908
9183
9225
10571
10651
11028
11311
12492
47
88
272
331
420
458
464
617
715
738
782
871
885
957
1092
1149
1158
1258
1415
1604
1605
1694
1724
1737
1841
2002
2086
2220
2286
2623
2685
2808
2862
2911
2974
3009
3326
3394
3465
3527
3641
3713
3758
3850
3935
4326
4337
4340
4392
4448
4487
4553
4673
4695
4707
4762
5089
5122
5125
5468
5554
5791
5929
6073
6151
6168
6183
6270
6418
6491
6601
6645
6964
7123
7216
7252
7571
7645
7702
7794
7852
8036
8330
8334
8420
8735
8897
8941
9158
9168
9248
9270
9308
9412
9573
9627
9634
9863
9964
9992
10641
10830
10978
11061
11388
11792
11862
12257
12306
12395
12463
12573
12589
12595
64
188
190
215
218
308
346
378
381
390
404
421
429
451
482
520
529
538
561
654
770
803
844
861
906
914
921
934
965
966
969
1046
1052
1071
1116
1118
1138
1139
1140
1142
1162
1174
1176
1186
1190
1195
1201
1205
1244
1363
1365
1380
1385
1457
1462
1493
1510
1603
1608
1675
1714
1736
1740
1752
1765
1784
1791
1848
1851
1903
1948
1955
1997
2019
2061
2143
2191
2247
2298
2313
2337
2476
2488
2504
2516
2595
2604
2617
2630
2637
2639
2673
2723
2749
2806
2810
2827
2850
2921
2926
2946
3011
3028
3100
3220
3222
3233
3268
3284
3432
3473
3494
3536
3562
3602
3788
3799
3812
3830
3844
4003
4044
4067
4130
4172
4181
4183
4209
4259
4293
4297
4339
4370
4394
4456
4499
4589
4597
4777
4911
4916
4993
4994
5056
5090
5142
5188
5196
5241
5267
5289
5296
5303
5334
5348
5360
5388
5408
5459
5498
5508
5519
5523
5530
5561
5634
5653
5704
5725
5743
5749
5877
5879
5881
5897
5932
5964
5977
6046
6070
6136
6174
6182
6214
6219
6229
6361
6371
6412
6433
6474
6530
6571
6590
6618
6653
6663
6685
6693
6878
6889
6898
6910
6917
6920
6941
6954
7008
7028
7076
7172
7174
7176
7263
7411
7589
7613
7648
7764
7925
7935
7967
8022
8085
8136
8208
8214
8217
8291
8295
8333
8356
8378
8404
8425
8547
8558
8712
8715
8718
8726
8827
8830
8845
8871
8902
8953
8978
8988
8991
9000
9001
9023
9033
9042
9095
9100
9108
9121
9123
9198
9332
9367
9384
9442
9443
9466
9472
9535
9593
9594
9618
9619
9620
9649
9650
9657
9658
9670
9700
9713
9754
9805
9865
9894
9910
9994
10013
10069
10089
10094
10122
10169
10172
10224
10260
10325
10401
10487
10500
10549
10705
10719
10729
10742
10744
10751
10812
10873
10976
10991
11007
11083
11132
11147
11214
11304
11314
11340
11349
11489
11515
11563
11601
11606
11811
11844
11924
12004
12021
12086
12123
12155
12179
12192
12408
12490
0
25
39
45
50
68
75
78
84
92
113
122
138
149
156
167
191
198
207
216
234
247
248
252
258
269
280
288
312
341
343
356
360
366
393
423
426
430
441
442
457
465
493
501
513
522
526
537
544
550
551
572
587
589
597
614
620
626
646
656
661
683
687
699
703
705
706
732
740
742
750
771
772
784
801
807
814
817
832
849
854
862
865
874
891
900
908
932
948
950
953
958
963
1000
1039
1041
1056
1065
1081
1087
1090
1093
1106
1129
1135
1137
1143
1168
1177
1200
1206
1212
1215
1243
1249
1275
1287
1288
1295
1302
1307
1313
1321
1324
1325
1334
1336
1355
1362
1376
1389
1398
1414
1421
1423
1426
1432
1444
1448
1466
1469
1472
1482
1487
1495
1497
1511
1523
1538
1543
1545
1551
1559
1569
1584
1589
1602
1609
1616
1624
1625
1638
1669
1685
1689
1691
1702
1711
1730
1738
1743
1745
1787
1801
1808
1813
1823
1843
1854
1855
1867
1871
1872
1900
1901
1904
1912
1925
1927
1930
1945
1952
1979
1984
1996
1999
2005
2007
2008
2046
2069
2088
2094
2101
2102
2105
2111
2129
2147
2149
2159
2163
2180
2198
2214
2229
2235
2238
2241
2251
2257
2277
2279
2296
2314
2322
2327
2346
2380
2381
2406
2436
2439
2441
2442
2450
2454
2464
2466
2468
2494
2500
2501
2519
2526
2530
2532
2542
2562
2583
2586
2611
2622
2656
2668
2671
2691
2701
2702
2703
2710
2717
2720
2745
2752
2763
2764
2766
2770
2771
2785
2788
2789
2791
2798
2802
2805
2829
2835
2845
2869
2878
2884
2890
2900
2901
2903
2909
2934
2942
2953
2973
3013
3018
3036
3041
3054
3058
3063
3066
3094
3106
3116
3126
3128
3129
3134
3147
3151
3157
3159
3165
3167
3192
3193
3196
3197
3215
3223
3235
3240
3265
3274
3286
3289
3297
3298
3300
3306
3328
3351
3358
3362
3368
3383
3387
3389
3391
3400
3406
3408
3411
3434
3445
3454
3457
3458
3459
3469
3470
3493
3496
3499
3505
3510
3515
3524
3525
3530
3535
3538
3539
3540
3560
3561
3584
3588
3612
3620
3630
3635
3639
3645
3667
3668
3702
3705
3710
3729
3730
3735
3736
3737
3743
3748
3749
3751
3765
3768
3781
3787
3796
3808
3817
3819
3825
3852
3854
3869
3873
3880
3881
3882
3891
3905
3915
3947
3954
3965
3991
4022
4040
4056
4069
4080
4090
4105
4106
4127
4128
4133
4137
4138
4141
4146
4155
4156
4190
4213
4224
4226
4230
4254
4263
4277
4279
4291
4296
4336
4343
4354
4355
4372
4379
4395
4397
4404
4438
4439
4443
4451
4453
4455
4464
4470
4485
4501
4504
4522
4532
4545
4558
4561
4571
4573
4577
4601
4609
4644
4653
4666
4667
4677
4706
4718
4719
4727
4736
4738
4743
4746
4749
4755
4756
4757
4758
4761
4765
4766
4770
4771
4782
4787
4791
4793
4797
4805
4810
4821
4827
4834
4835
4837
4846
4851
4861
4868
4869
4873
4879
4881
4882
4884
4885
4887
4888
4889
4891
4896
4898
4907
4910
4917
4941
4944
4945
4948
4949
4954
4958
4963
4967
4977
4981
4984
4990
4995
4996
4999
5006
5010
5016
5018
5020
5026
5028
5029
5031
5032
5035
5037
5042
5043
5044
5045
5046
5054
5064
5066
5067
5073
5080
5091
5093
5095
5096
5101
5103
5106
5107
5116
5119
5126
5128
5130
5134
5145
5149
5160
5161
5166
5171
5172
5176
5181
5192
5197
5204
5207
5208
5219
5223
5236
5238
5239
5244
5245
5247
5249
5255
5259
5261
5264
5272
5276
5279
5281
5295
5298
5304
5308
5313
5320
5324
5326
5327
5328
5331
5340
5342
5350
5354
5362
5369
5370
5373
5374
5378
5389
5391
5395
5400
5403
5406
5411
5415
5417
5423
5425
5427
5434
5440
5446
5447
5454
5456
5460
5464
5466
5477
5478
5480
5486
5487
5501
5506
5510
5518
5520
5521
5522
5527
5535
5540
5547
5549
5555
5557
5560
5563
5576
5610
5612
5616
5617
5618
5619
5620
5622
5623
5629
5635
5639
5641
5642
5646
5651
5661
5668
5674
5680
5682
5686
5691
5692
5693
5695
5696
5701
5702
5703
5707
5709
5723
5727
5729
5734
5740
5745
5746
5747
5748
5752
5755
5761
5765
5768
5775
5784
5804
5809
5810
5818
5819
5826
5829
5841
5843
5845
5849
5851
5852
5861
5864
5872
5878
5888
5892
5896
5898
5901
5905
5907
5912
5917
5923
5924
5927
5931
5937
5941
5942
5952
5955
5960
5961
5963
5974
5978
5983
5986
5987
5988
6009
6010
6024
6027
6030
6033
6037
6040
6044
6049
6055
6060
6068
6079
6083
6091
6092
6094
6095
6105
6108
6116
6121
6125
6130
6135
6137
6139
6144
6147
6153
6157
6160
6161
6163
6173
6175
6184
6185
6193
6198
6199
6201
6207
6209
6217
6232
6236
6238
6239
6240
6243
6247
6249
6266
6271
6275
6276
6278
6294
6304
6305
6306
6311
6314
6318
6328
6329
6337
6343
6348
6350
6351
6362
6364
6366
6368
6369
6375
6385
6389
6392
6396
6397
6403
6411
6413
6417
6419
6421
6423
6425
6431
6434
6451
6454
6468
6472
6473
6478
6481
6492
6497
6498
6499
6504
6508
6510
6522
6526
6528
6529
6532
6533
6537
6539
6541
6543
6549
6553
6554
6558
6564
6565
6566
6576
6577
6578
6579
6580
6581
6582
6584
6585
6597
6598
6615
6622
6626
6627
6628
6629
6631
6638
6639
6644
6652
6661
6664
6669
6673
6674
6676
6678
6683
6690
6691
6699
6710
6721
6732
6742
6743
6748
6749
6758
6760
6766
6768
6772
6773
6776
6782
6784
6787
6790
6791
6798
6811
6820
6829
6832
6833
6836
6841
6855
6872
6873
6874
6875
6877
6895
6903
6904
6906
6922
6924
6927
6942
6945
6946
6952
6959
6967
6968
6978
6979
6981
6987
6989
6990
6994
7001
7010
7012
7013
7018
7023
7024
7031
7040
7041
7042
7045
7046
7048
7051
7055
7058
7072
7074
7087
7088
7092
7096
7106
7107
7114
7118
7128
7133
7142
7143
7144
7149
7152
7154
7155
7156
7159
7161
7166
7184
7189
7197
7198
7201
7208
7215
7226
7239
7240
7242
7243
7245
7246
7251
7254
7266
7267
7268
7271
7281
7285
7296
7297
7300
7308
7311
7312
7321
7322
7325
7331
7333
7340
7344
7348
7355
7357
7362
7363
7365
7368
7372
7373
7374
7377
7380
7386
7391
7399
7406
7408
7412
7418
7421
7423
7430
7431
7435
7438
7442
7443
7444
7445
7447
7449
7454
7455
7463
7464
7468
7469
7470
7472
7475
7477
7480
7481
7482
7484
7509
7523
7528
7536
7542
7546
7557
7562
7564
7566
7569
7580
7587
7592
7594
7601
7609
7610
7611
7615
7621
7623
7626
7633
7634
7636
7638
7639
7640
7641
7642
7647
7663
7664
7666
7671
7675
7679
7681
7684
7699
7700
7705
7709
7710
7711
7712
7718
7720
7722
7723
7726
7740
7749
7753
7756
7763
7769
7774
7777
7784
7788
7789
7792
7796
7799
7809
7816
7819
7827
7829
7834
7835
7842
7845
7846
7848
7851
7853
7858
7860
7863
7866
7868
7875
7879
7881
7883
7885
7886
7892
7895
7897
7900
7904
7905
7910
7911
7912
7914
7916
7932
7939
7940
7942
7945
7947
7950
7955
7963
7971
7974
7985
7986
7989
7991
7993
7994
8001
8007
8009
8012
8023
8025
8038
8046
8052
8053
8069
8073
8077
8080
8081
8086
8091
8110
8115
8118
8123
8126
8127
8131
8140
8142
8147
8151
8157
8176
8179
8182
8184
8185
8186
8193
8196
8207
8212
8213
8221
8224
8232
8242
8244
8258
8262
8266
8267
8268
8270
8271
8273
8275
8283
8284
8285
8287
8288
8292
8294
8312
8321
8324
8327
8331
8336
8339
8341
8343
8344
8347
8348
8349
8350
8352
8360
8362
8367
8379
8380
8385
8386
8390
8395
8410
8411
8412
8413
8414
8421
8423
8424
8433
8435
8448
8449
8452
8453
8454
8460
8464
8466
8473
8474
8475
8478
8479
8490
8492
8493
8499
8500
8503
8516
8517
8518
8519
8530
8532
8554
8557
8562
8564
8570
8577
8583
8584
8588
8594
8601
8605
8606
8609
8625
8626
8629
8633
8635
8637
8638
8643
8646
8647
8648
8650
8651
8653
8662
8670
8676
8683
8688
8691
8699
8701
8723
8728
8730
8731
8739
8752
8755
8756
8758
8762
8763
8767
8777
8780
8782
8783
8786
8789
8792
8793
8795
8796
8800
8803
8804
8808
8817
8818
8819
8829
8835
8844
8849
8850
8857
8860
8864
8879
8889
8892
8893
8898
8901
8910
8916
8918
8921
8928
8929
8931
8945
8946
8947
8962
8964
8965
8966
8967
8968
8972
8973
8977
8979
8987
8998
8999
9014
9019
9020
9022
9035
9046
9055
9057
9060
9067
9070
9077
9080
9086
9088
9091
9098
9099
9107
9111
9114
9116
9122
9124
9131
9142
9146
9147
9152
9153
9157
9159
9160
9170
9174
9176
9189
9190
9191
9192
9200
9207
9209
9211
9212
9229
9230
9232
9238
9244
9245
9252
9254
9255
9258
9262
9263
9271
9274
9277
9279
9280
9283
9289
9294
9300
9309
9310
9313
9314
9320
9328
9329
9331
9337
9339
9340
9345
9350
9365
9366
9372
9380
9388
9392
9394
9396
9397
9401
9406
9411
9418
9419
9421
9428
9432
9437
9438
9441
9444
9447
9453
9454
9459
9460
9461
9479
9484
9485
9486
9492
9496
9497
9500
9505
9511
9519
9527
9528
9533
9534
9537
9543
9547
9558
9560
9561
9562
9564
9567
9569
9571
9574
9576
9580
9581
9585
9586
9588
9602
9603
9606
9610
9615
9623
9625
9632
9633
9635
9637
9638
9642
9645
9647
9648
9655
9664
9667
9668
9669
9684
9685
9688
9689
9691
9699
9703
9704
9710
9715
9720
9726
9731
9732
9737
9741
9742
9747
9752
9756
9757
9758
9761
9767
9768
9770
9775
9786
9791
9798
9803
9808
9815
9822
9836
9837
9838
9846
9859
9860
9867
9871
9873
9885
9886
9887
9896
9898
9912
9917
9919
9920
9922
9923
9928
9930
9931
9932
9933
9937
9941
9942
9943
9947
9948
9966
9970
9985
9990
9995
9996
10000
10001
10002
10007
10009
10011
10012
10014
10015
10036
10038
10043
10045
10047
10048
10050
10057
10070
10072
10074
10079
10084
10088
10090
10092
10093
10104
10108
10113
10119
10124
10125
10127
10128
10131
10133
10140
10143
10145
10147
10151
10153
10171
10175
10176
10179
10180
10182
10191
10195
10196
10197
10198
10199
10200
10201
10217
10221
10222
10223
10226
10229
10233
10236
10237
10240
10244
10249
10251
10255
10256
10259
10267
10271
10279
10286
10294
10295
10297
10300
10302
10311
10313
10319
10320
10323
10336
10338
10346
10347
10351
10352
10353
10361
10366
10369
10373
10374
10377
10381
10382
10388
10389
10399
10405
10411
10416
10419
10423
10429
10436
10440
10441
10445
10452
10455
10457
10466
10469
10470
10484
10490
10493
10495
10497
10499
10501
10502
10508
10514
10515
10516
10517
10520
10525
10527
10542
10543
10550
10565
10566
10577
10578
10584
10586
10587
10589
10601
10604
10606
10607
10610
10616
10619
10621
10632
10636
10638
10647
10649
10658
10667
10668
10671
10682
10683
10684
10685
10686
10687
10689
10701
10707
10731
10734
10736
10738
10740
10741
10755
10756
10758
10759
10762
10763
10766
10771
10775
10776
10777
10778
10779
10782
10785
10797
10799
10800
10805
10817
10821
10823
10824
10826
10838
10848
10850
10860
10864
10869
10871
10874
10879
10887
10890
10891
10892
10896
10901
10906
10909
10910
10918
10920
10925
10933
10934
10937
10940
10947
10952
10953
10955
10956
10959
10960
10967
10972
10974
10975
10982
10994
10997
10998
11001
11008
11011
11023
11024
11031
11033
11034
11037
11040
11047
11049
11055
11069
11070
11075
11079
11084
11086
11087
11089
11099
11106
11108
11111
11131
11133
11140
11141
11156
11165
11170
11173
11174
11176
11179
11185
11190
11208
11212
11215
11217
11223
11232
11239
11241
11242
11244
11255
11259
11267
11268
11283
11286
11287
11289
11291
11292
11296
11298
11306
11307
11315
11317
11323
11324
11335
11341
11343
11344
11351
11353
11355
11356
11357
11359
11363
11364
11367
11372
11385
11386
11391
11403
11413
11419
11424
11425
11433
11439
11443
11446
11448
11470
11471
11478
11479
11484
11490
11492
11493
11498
11499
11501
11504
11514
11522
11528
11534
11541
11542
11551
11554
11555
11558
11564
11566
11568
11579
11587
11598
11600
11616
11617
11623
11626
11629
11632
11635
11636
11637
11638
11642
11644
11645
11646
11648
11652
11653
11655
11657
11661
11663
11673
11674
11678
11682
11688
11701
11705
11709
11714
11722
11723
11725
11734
11737
11746
11749
11754
11756
11759
11762
11765
11766
11771
11772
11774
11777
11778
11779
11784
11787
11793
11796
11798
11805
11807
11808
11809
11816
11818
11824
11829
11832
11839
11840
11845
11861
11864
11866
11881
11893
11900
11911
11912
11917
11926
11928
11937
11949
11956
11957
11961
11964
11970
11978
11983
11986
11990
11992
11995
12006
12007
12009
12015
12019
12022
12031
12032
12034
12042
12043
12055
12059
12064
12066
12083
12088
12090
12092
12095
12098
12111
12114
12124
12125
12133
12135
12136
12137
12146
12149
12156
12158
12166
12167
12169
12171
12174
12175
12182
12186
12190
12195
12207
12208
12209
12211
12212
12216
12220
12221
12222
12233
12234
12238
12249
12255
12261
12263
12265
12276
12287
12295
12299
12303
12304
12307
12310
12320
12322
12327
12333
12341
12344
12347
12348
12349
12350
12358
12363
12364
12373
12376
12379
12382
12386
12394
12402
12403
12405
12406
12410
12411
12412
12413
12417
12419
12420
12421
12422
12433
12443
12445
12459
12462
12469
12471
12472
12474
12475
12478
12480
12482
12498
12500
12503
12507
12508
12511
12525
12531
12535
12544
12545
12547
12548
12549
12553
12562
12563
12566
12578
12583
12584
12593
12600
12601
